    0      40         50          0          0       60000          0   
    1      45         68          0          0         5000          90   
    2      45         70          0          0         5000           90   
    3      42         66          0          0         5000          60   
    4      42         68          0          0         5000           90   
    5      42         65          0          0         5000           90   
    6      40         69          0        90        120         90
    7      40         66          0          0         5000           90   
    8      38         68          0          0        5000           90   
    9      38         70          0          0         500           90   
   10      35         66          0          0         500          90   
   11      35         69          0         20        250        90   
   12      25         85          0        30         400        90
   13      22         75          0          0         500          30   
   14      22         85          0          0        500           90   
   15      20         80          0          0        500           90   
   16      20         85          0          0         500          90   
   17      18         75          0          0         500           90   
  
 