1	50	4	43	21	27
2	150	9	53	29	37
3	200	1	26	15	18
4	60	8	53	29	37
5	50	3	43	21	27
6	40	6	53	29	37
7	50	2	43	21	27
8	1	200	33	96	30
9	1	1000	26	62	40
10	1	350	13	72	68
11	1	1400	61	75	10
12	1	1600	12	80	11
13	1	200	46	26	34
14	1	150	50	78	50
15	1	500	66	72	238
16	1	300	55	55	55
17	1	200	13	44	46
18	1	150	62	78	50
19	1	450	208	30	111
20	1	360	80	120	60
21	1	250	72	120	60
22	1	300	70	130	54
23	1	400	248	107	18
24	1	100	66	95	60
25	1	300	107	195	18
26	1	350	68	68	68
27	1	150	62	78	50
28	1	280	183	122	100
29	1	300	163	122	120
30	1	150	120	180	111
31	1	650	120	84	11
32	1	250	120	234	11
33	1	2000	140	210	11
34	1	600	120	90	11
35	1	2200	140	150	100
36	1	1500	103	122	97
37	1	250	98	168	68
38	1	350	96	132	66